0.996991813 -0.0124587519 0.0764992908 0.007318452
0.0471567884 0.880801439 -0.471131742 -0.0244801044
-0.0615109801 0.473321944 0.878739297 -1.1916678
0 0 0 1

0.986797631 0.15976429 0.0265647843 -0.512640953
-0.128305122 0.871261179 -0.473752856 -0.016805172
-0.0988336578 0.46408987 0.88025707 -1.16834068
0 0 0 1

0.468997836 -0.030391559 0.882676363 -0.117080927
0.067161262 0.997741222 -0.00133168139 -0.288862228
-0.880642056 0.0599062145 0.469979703 -0.308395088
0 0 0 1

-0.0817029774 -0.986533761 0.141689092 1.81489992
-0.390972257 0.162494093 0.905944943 1.50690055
-0.916768909 0.0186219215 -0.398983687 -0.283156335
0 0 0 1

0.998769581 -0.0171615966 0.0465274155 0.0193902813
0.032800924 0.932282209 -0.360241711 -0.163434982
-0.0371943638 0.361324608 0.931698024 -0.88014853
0 0 0 1

0.97983706 -0.138183922 -0.144306451 0.375476509
0.0545473397 0.879837573 -0.472133875 0.0033698082
0.192207545 0.4547427 0.869635105 -1.22291517
0 0 0 0.999999881

0.485795736 0.742863655 -0.460604161 -1.47027326
0.367088795 0.304841995 0.878815889 1.28551245
0.793251693 -0.596007586 -0.124605976 0.885419965
0 0 0 1

0.309268892 0.154429898 -0.938351929 -0.0781389475
0.605125785 0.729226828 0.319454759 0.23286438
0.73360467 -0.666618228 0.132077709 1.06936479
0 0 0 1

0.98855406 -0.127356932 0.0808766037 0.353085041
0.150569245 0.866518974 -0.475892723 0.0050508976
-0.00947289169 0.48262319 0.875776887 -1.22627056
0 0 0 1

0.996912122 -0.0689267814 0.0376220979 0.177410737
0.0784453675 0.852451324 -0.516887844 0.0594890118
0.00355639681 0.518243015 0.85522598 -1.32993865
0 0 0 1

0.983410895 -0.0847255886 -0.160388768 0.220922455
0.0695650131 0.992762387 -0.0978957713 -0.367229939
0.167522192 0.0851143897 0.982187152 0.0300242305
0 0 0 1

0.997390151 0.0206049513 -0.0691968575 -0.0678192899
-0.0128267277 0.993734777 0.111025319 -0.311054707
0.0710509866 -0.109847993 0.991405666 0.230417132
0 0 0 1

0.999709308 -0.0181815475 0.0158318579 0.0215044431
0.0214920957 0.969644368 -0.24357301 -0.255809903
-0.0109227486 0.243842483 0.969753385 -0.58368367
0 0 0 1

0.951492548 -0.30147925 0.0614196733 0.588018239
0.232291609 0.83481586 0.499122411 -0.0517811775
-0.201749176 -0.460643947 0.864352226 0.998241723
0 0 0 1.00000012

0.997410178 0.0434014276 -0.0573518462 -0.113883026
-0.00740493834 0.855136335 0.518350601 -0.0367865562
0.071540758 -0.516583443 0.853243053 1.05140376
0 0 0 1.00000012

-0.105563551 -0.442991704 -0.890289187 1.46751845
0.774405897 0.525017023 -0.353062034 0.591553688
0.623820484 -0.726715505 0.287632763 1.26196253
0 0 0 1

-0.032098949 -0.972414315 0.23104158 2.23399687
0.748180032 -0.176651031 -0.639547706 2.05528188
0.662719011 0.152331963 0.73321116 -0.593689561
0 0 0 1.00000012

-0.355321765 -0.0663573593 -0.932385743 0.952231169
-0.737614691 0.632608771 0.236074179 1.67841649
0.574170232 0.771623671 -0.273725659 -1.39826608
0 0 0 1.00000012

-0.233355567 -0.317265123 -0.919178009 1.31070256
-0.749334931 0.66110307 -0.0379508212 1.69096005
0.619711816 0.679916143 -0.392009765 -1.25662398
0 0 0 1

-0.280914366 -0.200165898 -0.938627064 1.14091325
-0.730708361 0.678671896 0.0739585757 1.62213302
0.622215629 0.706638575 -0.336911529 -1.32406032
0 0 0 1

0.0932506397 -0.699881017 0.708146095 1.4734062
0.742929816 -0.424594164 -0.517469704 2.50814676
0.662841916 0.574357271 0.480368674 -1.34514415
0 0 0 0.999999881

0.204104006 -0.767719448 -0.607411206 1.6432116
-0.609191895 -0.585303664 0.53507483 3.70179701
-0.766307414 0.260819077 -0.587151229 0.880068839
0 0 0 1

-0.299575567 -0.151932716 -0.941897452 1.06367064
-0.721917689 0.681552172 0.119672135 1.60147786
0.623770118 0.715823293 -0.313859254 -1.32168555
0 0 0 1

0.0852536932 -0.523041368 -0.848032594 1.33075786
-0.533133745 -0.742983341 0.40465337 3.91179061
-0.841724634 0.417616725 -0.342192918 0.606564343
0 0 0 0.99999994

0.178637087 -0.652267575 -0.736638188 1.46339631
-0.523251295 -0.697011232 0.490289271 3.81651402
-0.833244801 0.297862917 -0.465811729 0.85999006
0 0 0 1.00000012

0.512375116 -0.465370446 -0.721735418 0.804217994
0.215934202 -0.743617535 0.632776082 3.13512516
-0.831170321 -0.480066001 -0.280521691 2.17299438
0 0 0 1

0.189780504 -0.687502325 -0.700945139 1.51720583
-0.541829824 -0.668700576 0.509176075 3.78474712
-0.818781972 0.283161223 -0.499415457 0.869182169
0 0 0 1.00000012

0.522616863 -0.507072806 -0.685382247 0.866103411
0.185011849 -0.717294872 0.671758056 3.10415363
-0.832251251 -0.477875769 -0.281055868 2.15785933
0 0 0 1

0.579623818 -0.543889523 -0.606811821 0.877769709
0.223828658 -0.609755695 0.760328233 2.86997175
-0.783541501 -0.576526165 -0.231690735 2.29027009
0 0 0 1.00000012

0.941038251 -0.265505791 0.209651679 0.543427527
0.322050393 0.892833889 -0.314850897 -0.105398655
-0.103589453 0.363805175 0.925697148 0.0342672169
0 0 0 1.00000012

0.997600675 -1.69500709e-07 0.0692309514 0.451822966
2.94297934e-07 0.99999994 5.96046448e-08 -2.26348639e-05
-0.0692310482 -1.49011612e-07 0.997600794 0.113615364
0 0 0 1.00000012

0.997600496 -0.00422913581 0.0691016316 0.452012479
3.26195732e-07 0.998132586 0.0610844344 -0.0134903751
-0.0692310259 -0.0609379783 0.99573797 0.116349369
0 0 0 0.99999994

0.999906242 1.93715096e-07 0.0136923753 -0.132261455
-1.60187483e-07 1.00000024 -4.17232513e-07 -0.000152602792
-0.0136923976 6.55651093e-07 0.999906301 0.0754224956
0 0 0 0.99999994

0.996642649 0.0763188899 -0.0296459422 -0.15400891
-0.0817567632 0.908255339 -0.410351634 -0.0276963711
-0.00439152587 0.411397696 0.911445498 -0.0249555111
0 0 0 1.00000012

0.217022747 -0.655223072 0.72359091 1.35207164
-0.836132288 0.257766962 0.484188974 0.955906868
-0.503769517 -0.710097849 -0.491911918 1.57687461
0 0 0 1

0.999906123 1.63679942e-07 0.0136923492 -0.132261455
-1.4109537e-07 1.00000012 -2.16066837e-07 -0.000152621418
-0.0136923818 3.27825546e-07 0.999906182 0.0754225105
0 0 0 0.999999881

-0.27178967 -0.271999598 0.923117995 0.14791967
-0.962117791 0.055423215 -0.266941488 1.35991955
0.0214458704 -0.960699975 -0.276759028 2.48836279
0 0 0 1

-0.787559271 0.341680318 0.51284045 -1.40259492
-0.57627213 -0.703176081 -0.416478097 3.203758
0.218314692 -0.623536706 0.7506935 1.77543235
0 0 0 1.00000012

-0.781666577 0.229877561 0.579787612 -1.19475186
0.384960473 0.909219801 0.158509091 0.947541356
-0.490716577 0.347096503 -0.799200416 -0.314698756
0 0 0 1.00000012

-0.710408568 0.344479263 0.613721013 -1.37200427
0.343521982 0.930812657 -0.124819823 0.904161334
-0.614257395 0.122153625 -0.779593647 -0.0373190045
0 0 0 1

-0.74560827 0.323820233 0.582416475 -1.35687733
0.421796709 0.905964673 0.0362722576 0.983314514
-0.515903056 0.27270624 -0.81208092 -0.225708246
0 0 0 1

-0.937963486 0.314532816 0.145924807 -1.36988735
-0.328407496 -0.940894604 -0.0828633234 3.77348351
0.111236557 -0.125645518 0.98581934 0.656769037
0 0 0 1

0.361313015 0.931431174 0.0434615277 -1.28934371
0.883907914 -0.356975228 0.30211845 3.67569661
0.29691726 -0.070743233 -0.95227927 1.22560668
0 0 0 1.00000012

-0.771763206 0.217447519 0.597576797 -1.17369092
0.349234343 0.930254042 0.112529248 0.891897202
-0.531429052 0.295540214 -0.793875992 -0.259040952
0 0 0 0.99999994

0.398370713 0.873927653 0.278480977 -1.15418029
0.818441987 -0.47574985 0.322203815 3.81695771
0.41407004 0.0995639935 -0.904783607 1.02626133
0 0 0 1.00000012

0.390869886 0.898306429 0.200664446 -1.21903884
0.838516772 -0.437426329 0.324881494 3.75786686
0.379619092 0.0412740931 -0.924221754 1.08206153
0 0 0 1

0.893667698 0.327854395 0.306381702 0.278451145
0.138210744 -0.850690603 0.507172048 3.75086284
0.426914632 -0.41089797 -0.805547535 1.9023211
0 0 0 1

0.895704508 0.368553847 0.248760626 0.198295787
0.177806735 -0.809653044 0.559327006 3.69125175
0.407551944 -0.456760228 -0.790740967 1.94715548
0 0 0 1

0.926716924 0.3436324 0.15202719 0.279232144
0.15960741 -0.726250052 0.668645084 3.5263319
0.340178072 -0.595380068 -0.727874517 2.14061165
0 0 0 1

0.459086239 -0.305064619 -0.834371209 0.583232999
0.315505743 -0.821982563 0.474131912 3.20207071
-0.830479562 -0.480916202 -0.281111121 2.14123344
0 0 0 1

0.342600793 0.883301735 0.320004225 -1.23999107
0.842673182 -0.439516038 0.311011255 3.76596546
0.415363789 0.163106203 -0.894913077 0.897246122
0 0 0 1

0.911959291 0.190192252 0.363534272 0.516308725
-0.0109972954 -0.874412298 0.485059291 3.65606117
0.410133362 -0.446352303 -0.795336604 1.93529296
0 0 0 1

